06390 1886.79
10001 3.70316
10002 1.30688
10003 1.85608
10004 21.8388
10005 11.3623
10006 26.7666
10007 13.3227
10009 1.7118
10010 3.08547
10011 1.96959
10012 4.71342
10013 3.39524
10014 3.39432
10016 1.83928
10017 6.90322
10018 11.5487
10019 2.33831
10020 100000
10021 2.46051
10022 2.97743
10023 1.52193
10024 1.59302
10025 1.03106
10026 2.61335
10027 1.51962
10028 2.18737
10029 1.32251
10030 3.19816
10031 1.63816
10032 1.65344
10033 1.70326
10034 2.40558
10035 2.59101
10036 3.23311
10037 5.22521
10038 4.28394
10039 3.34594
10040 2.29079
10044 8.44167
10065 3.24055
10069 15.977
10075 4.1806
10103 100000
10110 100000
10111 100000
10112 100000
10115 100000
10119 100000
10128 1.76382
10152 100000
10153 100000
10154 100000
10162 65.6599
10165 100000
10167 100000
10168 100000
10169 100000
10170 100000
10171 100000
10172 100000
10173 100000
10174 100000
10177 100000
10199 100000
10271 100000
10278 100000
10279 621.118
10280 11.3084
10282 15.5039
10301 2.47948
10302 5.3859
10303 3.69235
10304 2.22896
10305 2.36905
10306 1.77835
10307 6.77736
10308 3.32502
10309 2.87853
10310 3.81112
10311 100000
10312 1.57547
10314 1.05983
10451 1.9489
10452 1.27188
10453 1.24401
10454 2.43469
10455 2.25327
10456 1.12899
10457 1.25287
10458 1.20951
10459 1.92441
10460 1.67079
10461 1.96587
10462 1.29483
10463 1.42256
10464 23.2992
10465 2.15931
10466 1.38364
10467 1.01304
10468 1.22855
10469 1.39156
10470 6.49773
10471 4.3691
10472 1.53179
10473 1.66425
10474 8.86525
10475 2.29795
10501 70.6215
10502 17.4064
10503 1063.83
10504 12.427
10505 88.3392
10506 15.7729
10507 15.6177
10509 5.04236
10510 9.58313
10511 43.8404
10512 4.12269
10514 7.77182
10516 17.9051
10517 239.808
10518 120.482
10519 819.672
10520 7.89765
10522 8.68961
10523 10.6508
10524 23.0203
10526 51.573
10527 164.474
10528 7.48951
10530 7.09723
10532 19.8413
10533 13.5355
10535 467.29
10536 9.26183
10537 33.7724
10538 5.6802
10540 877.193
10541 3.82907
10542 100000
10543 4.69903
10545 492.611
10546 97.8474
10547 13.0463
10548 22.4921
10549 6.32911
10550 2.49545
10552 4.52509
10553 9.50029
10560 20.1005
10562 2.98169
10566 3.93685
10567 4.98281
10570 7.59417
10573 2.43078
10576 20.2963
10577 16.2734
10578 55.9284
10579 12.2384
10580 5.53189
10583 2.43268
10588 30.3398
10589 13.9684
10590 13.5007
10591 4.182
10594 17.9695
10595 13.8639
10596 125.628
10597 155.763
10598 3.44045
10601 8.93416
10603 5.19778
10604 8.47529
10605 5.05051
10606 6.0868
10607 14.7842
10701 1.4699
10703 4.24358
10704 3.0828
10705 2.57327
10706 11.0278
10707 9.79528
10708 4.42576
10709 9.91572
10710 3.83156
10801 2.3967
10803 7.52842
10804 6.6507
10805 4.82253
10901 3.92188
10910 100000
10911 8333.33
10913 18.9179
10914 260.417
10915 100000
10916 22.4972
10917 50.7872
10918 8.2291
10919 79.6178
10920 11.6212
10921 23.4302
10922 77.5795
10923 11.8779
10924 7.16076
10925 22.3914
10926 25.582
10927 8.13935
10928 19.2012
10930 9.68429
10931 88.4173
10932 2325.58
10933 249.377
10940 1.92853
10941 6.8956
10950 1.58702
10952 2.10486
10953 100000
10954 3.6249
10956 3.2533
10958 34.188
10960 7.03136
10962 19.5122
10963 23.0044
10964 65.5738
10965 6.38325
10968 40.4204
10969 100.1
10970 8.6423
10973 41.876
10974 29.985
10975 406.504
10976 48.6381
10977 1.41733
10979 100000
10980 7.2982
10983 17.6367
10984 32.4781
10985 2380.95
10986 65.4022
10987 26.2536
10988 146.413
10989 11.5594
10990 4.87163
10992 9.72384
10993 21.106
10994 15.7307
10996 15.6593
10998 28.1849
11001 3.82585
11003 2.1046
11004 6.36862
11005 45.977
11010 3.88334
11020 16.2734
11021 5.09606
11023 10.3103
11024 10.983
11030 5.82479
11040 2.37304
11042 315.457
11050 3.13283
11096 10.4526
11101 2.91724
11102 3.69426
11103 2.87753
11104 3.71209
11105 2.58025
11106 2.48769
11109 13.7363
11201 1.43359
11203 1.27379
11204 1.24108
11205 1.98732
11206 1.11174
11207 1.03305
11208 0.924385
11209 1.39252
11210 1.57664
11211 1.52646
11212 1.19039
11213 1.44653
11214 1.10137
11215 1.38862
11216 1.60326
11217 2.32315
11218 1.36392
11219 1.08362
11220 1.07518
11221 1.09606
11222 2.49147
11223 1.24824
11224 2.08799
11225 1.7101
11226 0.98958
11228 2.26265
11229 1.23291
11230 1.10809
11231 2.57539
11232 3.55404
11233 1.20301
11234 1.11141
11235 1.20382
11236 0.999181
11237 2.11941
11238 1.72274
11239 5.94955
11249 2.21793
11354 1.87368
11355 1.25794
11356 3.61899
11357 2.33689
11358 2.65625
11359 100000
11360 5.07125
11361 3.38478
11362 5.42711
11363 13.5777
11364 2.62302
11365 2.15406
11366 7.32118
11367 2.31022
11368 0.886918
11369 3.10781
11370 3.55063
11371 100000
11372 1.49252
11373 0.974488
11374 2.1173
11375 1.32958
11377 1.14973
11378 2.54777
11379 2.61363
11385 0.947679
11411 4.68845
11412 2.46348
11413 2.23055
11414 3.29229
11415 4.92247
11416 3.5979
11417 3.20513
11418 2.60981
11419 2.07917
11420 1.95492
11421 2.40662
11422 3.09636
11423 3.34213
11424 100000
11426 5.06765
11427 3.9703
11428 5.11404
11429 3.59131
11430 301.205
11432 1.55598
11433 2.57301
11434 1.46666
11435 1.66775
11436 4.68406
11439 46.729
11451 100000
11501 4.66548
11507 14.0627
11509 59.453
11510 2.85144
11514 19.8413
11516 11.8343
11518 9.7144
11520 2.22836
11530 3.54522
11542 3.43702
11545 8.28638
11547 170.94
11548 44.843
11549 39.8724
11550 1.64832
11552 3.8398
11553 3.58603
11554 2.71326
11556 100000
11557 12.0627
11558 11.5473
11559 11.4521
11560 14.1985
11561 2.58031
11563 4.53412
11565 11.0951
11566 2.94325
11568 23.4082
11569 90.0901
11570 3.53832
11572 3.33767
11575 5.23505
11576 7.99616
11577 8.06517
11579 19.755
11580 2.30436
11581 4.39174
11590 2.08546
11596 9.5057
11598 6.88184
11691 1.42116
11692 4.06769
11693 7.37572
11694 4.58968
11697 25.3421
11701 3.58757
11702 7.12048
11703 5.74251
11704 2.51553
11705 11.892
11706 1.52819
11709 14.7863
11710 2.86123
11713 11.2296
11714 4.45553
11715 26.4131
11716 9.92654
11717 1.5392
11718 31.4367
11719 28.4172
11720 3.42548
11721 15.223
11722 2.70037
11724 34.7947
11725 3.48008
11726 4.5333
11727 3.3269
11729 3.75827
11730 7.05816
11731 3.25584
11732 28.2008
11733 5.77901
11735 3.05661
11738 4.98082
11739 71.4286
11740 9.08265
11741 3.61899
11742 7.43605
11743 2.41412
11746 1.47791
11747 5.10074
11749 28.0269
11751 7.40686
11752 10.9123
11753 7.64117
11754 5.42564
11755 8.17862
11756 2.35521
11757 2.21818
11758 1.84498
11762 4.45633
11763 3.35965
11764 7.8672
11765 141.243
11766 8.71384
11767 6.89988
11768 4.68757
11769 11.012
11770 892.857
11771 9.93246
11772 2.20531
11776 4.14611
11777 10.8026
11778 8.00256
11779 2.58705
11780 6.40328
11782 6.61682
11783 4.56288
11784 3.93314
11786 15.2462
11787 2.9063
11788 5.87648
11789 13.4517
11790 5.18618
11791 3.90153
11792 11.6347
11793 3.23992
11794 70.1754
11795 3.89864
11796 26.0213
11797 10.866
11798 5.44811
11801 2.38282
11803 3.30055
11804 22.5073
11901 3.0931
11930 134.953
11931 100000
11932 96.8992
11933 14.3369
11934 12.8568
11935 35.1247
11937 4.75285
11939 63.9386
11940 18.3083
11941 40.1123
11942 17.7936
11944 20.8377
11946 5.70874
11947 653.595
11948 186.916
11949 7.5792
11950 6.10538
11951 6.68047
11952 19.1168
11953 7.29874
11954 23.1374
11955 35.0018
11956 327.869
11957 81.9672
11958 111.982
11959 158.228
11960 103.95
11961 7.61847
11962 290.698
11963 11.8413
11964 31.9591
11965 203.666
11967 3.72301
11968 7.34053
11970 177.62
11971 15.9084
11972 242.131
11973 2564.1
11975 234.742
11976 41.0341
11977 32.5839
11978 25.1953
11980 19.4401
12007 307.692
12008 234.192
12009 12.0163
12010 3.67471
12015 24.1838
12017 238.663
12018 13.6986
12019 6.5445
12020 2.8926
12022 96.3391
12023 42.123
12024 1204.82
12025 19.0114
12027 23.5627
12028 92.4214
12029 100.908
12031 523.56
12032 135.685
12033 13.089
12035 206.612
12036 454.545
12037 24.4918
12040 3571.43
12041 313.48
12042 336.7
12043 12.955
12045 214.133
12046 192.678
12047 4.29314
12051 16.5289
12052 50.6586
12053 23.5128
12054 5.88408
12056 49.2854
12057 50.0751
12058 85.9845
12059 70.5716
12060 55.1572
12061 9.82415
12062 60.1685
12063 164.204
12064 393.701
12065 2.24401
12066 54.5256
12067 68.6342
12068 39.8565
12069 207.039
12070 40.016
12071 460.829
12072 33.4225
12074 33.8295
12075 31.6556
12076 78.6782
12077 14.8104
12078 4.32077
12082 50000
12083 25.641
12084 19.7278
12085 392.157
12086 60.6796
12087 78.1861
12090 17.2951
12092 62.3441
12093 72.2022
12094 37.3692
12095 7.94534
12106 46.0617
12108 245.098
12110 5.06483
12115 1052.63
12116 74.0192
12117 36.8189
12118 6.03974
12120 157.48
12121 42.4088
12122 27.894
12123 20.2511
12124 406.504
12125 91.5751
12130 232.019
12131 531.915
12132 751.88
12134 23.2342
12136 126.582
12137 49.14
12138 34.2231
12139 349.65
12140 70.8215
12143 18.3722
12144 4.58547
12147 242.718
12148 22.8781
12149 45.2899
12150 169.779
12151 114.811
12153 142.248
12154 35.461
12155 57.2082
12156 120.337
12157 21.8627
12158 16.5426
12159 11.5433
12160 119.904
12161 2857.14
12164 206.186
12165 505.051
12166 66.4452
12167 41.425
12168 57.1755
12169 263.852
12170 19.1388
12172 473.934
12173 49.0677
12174 170.068
12175 142.857
12176 273.224
12177 219.78
12180 1.85849
12182 6.76133
12183 33.6927
12184 13.7212
12185 56.0224
12186 15.8103
12187 142.653
12188 8.60956
12189 5.41682
12190 156.006
12192 66.8449
12193 59.7372
12194 564.972
12195 543.478
12196 25.2908
12197 51.2558
12198 13.986
12202 10.3093
12203 3.27386
12204 11.4574
12205 3.78272
12206 6.75995
12207 42.7899
12208 4.32376
12209 9.59049
12210 10.1286
12211 7.54489
12222 15.7282
12226 100000
12302 3.5823
12303 3.36927
12304 4.566
12305 14.4467
12306 3.60555
12307 12.7178
12308 6.9604
12309 3.00012
12401 2.84592
12404 25.8799
12405 181.818
12406 169.492
12407 757.576
12409 104.384
12410 303.951
12411 265.252
12412 186.22
12413 31.8066
12414 9.93542
12416 487.805
12417 114.548
12418 340.136
12419 113.507
12420 284.9
12421 446.429
12422 251.256
12423 79.6813
12424 383.142
12427 97.561
12428 14.2207
12429 653.595
12430 74.5712
12431 54.2005
12432 172.117
12433 159.236
12434 101.626
12435 432.9
12436 232.558
12438 2083.33
12439 336.7
12440 66.9792
12441 952.381
12442 154.321
12443 27.9174
12444 185.874
12446 20.4332
12448 704.225
12449 31.3185
12450 452.489
12451 95.7854
12452 3703.7
12453 416.667
12454 219.298
12455 55.2486
12456 137.363
12457 77.9423
12458 28.5633
12459 1470.59
12460 465.116
12461 72.9395
12463 74.5712
12464 91.4913
12465 260.417
12466 48.3092
12468 75.4717
12469 124.533
12470 128.535
12471 373.134
12472 84.9618
12473 150.83
12474 116.822
12475 217.391
12477 5.3888
12480 308.642
12481 66.9792
12482 181.818
12483 1408.45
12484 29.6472
12485 110.619
12486 56.8182
12487 25.413
12489 649.351
12490 100000
12491 48.5673
12492 552.486
12493 308.642
12494 115.607
12495 1149.43
12496 76.2777
12498 21.8341
12501 46.0829
12502 87.184
12503 127.065
12504 86.8056
12507 420.168
12508 5.22139
12512 543.478
12513 649.351
12514 33.557
12515 63.8162
12516 53.7924
12517 260.417
12518 17.0619
12520 32.3834
12521 62.2278
12522 20.9424
12523 50.3525
12524 6.40656
12525 57.5043
12526 28.4172
12527 6250
12528 7.48615
12529 43.554
12530 353.357
12531 38.61
12533 3.80967
12534 5.6205
12538 7.10934
12540 10.7562
12542 18.2149
12543 31.8979
12544 3030.3
12545 22.119
12546 37.037
12547 30.5157
12548 93.1099
12549 9.40291
12550 1.80492
12553 3.64844
12561 5.5139
12563 13.0022
12564 12.987
12565 64.1437
12566 8.05997
12567 42.6076
12569 10.4134
12570 14.4446
12571 10.8284
12572 10.7677
12574 341.297
12575 63.1313
12577 64.433
12578 47.0588
12580 21.9491
12581 48.9956
12582 16.2127
12583 54.5852
12585 118.765
12586 7.81128
12589 5.10621
12590 2.71621
12592 69.979
12594 24.2895
12601 2.29237
12603 2.36883
12604 50.5561
12701 8.03342
12719 88.3392
12720 364.964
12721 12.7033
12722 100000
12723 56.3063
12724 1282.05
12725 309.598
12726 73.692
12729 72.3589
12732 120.482
12733 50.1002
12734 98.4252
12736 819.672
12737 61.5385
12738 278.552
12740 58.9971
12741 595.238
12742 515.464
12743 322.581
12745 20000
12746 166.667
12747 49.3583
12748 57.1102
12749 185.529
12750 2777.78
12751 86.881
12752 331.126
12754 12.8205
12758 25.9269
12759 46.62
12760 235.294
12762 285.714
12763 212.766
12764 58.3771
12765 112.233
12766 151.976
12767 444.444
12768 115.473
12769 275.482
12770 555.556
12771 6.9185
12775 40.4204
12776 48.2625
12777 118.203
12778 248.756
12779 43.4028
12780 44.0917
12781 495.05
12783 70.9723
12784 100000
12785 96.0615
12786 176.056
12787 1030.93
12788 35.1989
12789 42.8082
12790 23.663
12791 144.928
12792 598.802
12801 6.77782
12803 11.3276
12804 3.59648
12808 497.512
12809 27.6855
12810 186.22
12811 444.444
12812 286.533
12814 88.1057
12815 90.9918
12816 21.6169
12817 51.2558
12819 349.65
12820 980.392
12821 42.0521
12822 16.129
12823 199.203
12824 91.9118
12827 27.2257
12828 10.4275
12831 5.45911
12832 15.4178
12833 19.1095
12834 15.9719
12835 39.2927
12836 216.92
12837 113.766
12838 138.696
12839 7.26533
12841 1052.63
12842 141.844
12843 147.493
12844 341.297
12845 21.8675
12846 33.2889
12847 145.56
12849 235.294
12850 36.6435
12851 313.48
12852 273.973
12853 72.5163
12854 1020.41
12855 483.092
12856 319.489
12857 135.501
12858 684.932
12859 53.9084
12860 274.725
12861 179.856
12862 375.94
12863 113.25
12864 11111.1
12865 29.0023
12866 2.57646
12870 59.1716
12871 23.8265
12872 970.874
12873 114.286
12874 645.161
12878 130.378
12883 20.8464
12884 169.205
12885 22.6706
12886 432.9
12887 21.1864
12901 3.08347
12903 58.651
12910 53.0223
12911 100000
12912 55.2792
12913 92.8505
12914 114.155
12915 1724.14
12916 42.1053
12917 81.1688
12918 38.3583
12919 36.8189
12920 41.1692
12921 34.8432
12922 2702.7
12923 197.628
12924 307.692
12926 43.0108
12927 338.983
12928 53.5045
12929 29.129
12930 118.624
12932 91.7431
12933 3703.7
12934 83.5422
12935 71.1238
12936 149.031
12937 68.306
12939 709.22
12941 59.1017
12942 193.798
12943 333.333
12944 25.7268
12945 189.394
12946 20.9468
12950 149.701
12952 377.358
12953 7.50582
12955 289.855
12956 80.1282
12957 60.7165
12958 54.6747
12959 61.8047
12960 111.111
12961 1030.93
12962 19.7981
12964 1041.67
12965 367.647
12966 31.7259
12967 81.5661
12969 456.621
12970 106.724
12972 14.1864
12973 591.716
12974 48.6855
12975 476.19
12976 571.429
12977 75.5287
12978 390.625
12979 39.4633
12980 89.4454
12981 41.7188
12983 13.6314
12985 109.29
12986 18.6706
12987 657.895
12989 103.093
12992 26.4971
12993 61.1995
12996 50.4286
12997 82.1693
12998 340.136
13020 934.579
13021 2.65675
13024 72.4638
13026 57.5705
13027 2.82231
13028 123.609
13029 12.6936
13030 24.9501
13031 6.35284
13032 7.75074
13033 27.3149
13034 49.456
13035 11.798
13036 11.0865
13037 10.3423
13039 5.87096
13040 38.1679
13041 8.40195
13042 49.7018
13044 33.0469
13045 3.55151
13051 2702.7
13052 56.7215
13053 21.1999
13054 82.1018
13057 6.97885
13060 36.6166
13061 159.49
13062 471.698
13063 58.9623
13065 450.45
13066 7.84191
13068 20.9293
13069 4.27753
13071 115.741
13072 119.332
13073 15.3516
13074 22.4568
13076 41.3907
13077 15.0466
13078 9.20217
13080 28.4172
13081 89.7666
13082 26.6667
13083 50.2765
13084 26.3089
13087 621.118
13088 4.56329
13090 3.40785
13092 36.6838
13101 41.4938
13102 1923.08
13103 442.478
13104 5.96908
13108 15.9134
13110 41.8585
13111 55.8659
13112 57.8704
13113 1923.08
13114 13.519
13115 444.444
13116 27.3823
13117 358.423
13118 17.2087
13119 100000
13120 45.0857
13121 100000
13122 101.833
13123 3125
13124 980.392
13126 2.75649
13131 32.1027
13132 28.6123
13134 757.576
13135 15.8831
13136 303.951
13138 719.424
13140 23.0681
13141 152.672
13142 16.5453
13143 42.4809
13144 75.5858
13145 62.6959
13146 45.9559
13147 107.643
13148 9.21319
13152 12.987
13153 296.736
13154 2941.18
13155 176.367
13156 46.1042
13157 186.916
13158 73.9645
13159 19.073
13160 44.2087
13162 244.499
13163 301.205
13164 36.7647
13165 10.5141
13166 17.3671
13167 33.5345
13202 13.6407
13203 5.92277
13204 5.11509
13205 5.53434
13206 5.98337
13207 7.82228
13208 4.33013
13209 7.59244
13210 5.22357
13211 16.756
13212 4.84543
13214 11.2372
13215 6.9847
13219 6.42797
13224 11.26
13244 11.9275
13290 100000
13301 641.026
13302 72.6216
13303 77.2201
13304 52.1105
13305 497.512
13308 22.5785
13309 17.2265
13310 119.474
13312 324.675
13313 167.504
13314 653.595
13315 71.2251
13316 16.9147
13317 24.9875
13318 94.697
13319 181.818
13320 47.9616
13321 124.533
13322 93.1966
13323 8.96781
13324 60.4961
13325 107.643
13326 21.2857
13327 44.843
13328 68.918
13329 28.1294
13331 1449.28
13332 34.7464
13333 1754.39
13334 106.045
13335 73.8007
13337 153.139
13338 80.5153
13339 16.4366
13340 13.3708
13342 363.636
13343 61.5385
13345 571.429
13346 16.0154
13348 59.9161
13350 10.3146
13352 3448.28
13353 2439.02
13354 30.4414
13355 87.7963
13357 9.7078
13360 781.25
13361 151.286
13363 41.511
13364 431.034
13365 11.8357
13367 11.5181
13368 89.2061
13402 91.9963
13403 14.1103
13404 787.402
13406 203.252
13407 19.4553
13408 29.5596
13409 50.6073
13410 186.567
13411 36.4564
13413 6.14175
13415 1219.51
13416 44.7427
13417 32.2269
13418 471.698
13420 91.5751
13421 7.77786
13424 43.9754
13425 56.7537
13428 65.2316
13431 51.573
13433 60.7165
13435 363.636
13436 934.579
13437 325.733
13438 33.4001
13439 26.9179
13440 2.4273
13441 450.45
13450 396.825
13452 20.517
13454 136.612
13455 2173.91
13456 25.1446
13457 3125
13459 48.8281
13460 23.2937
13461 31.6656
13464 80.3213
13468 343.643
13469 75.9301
13470 140.845
13471 37.6506
13472 294.118
13473 88.6525
13475 2564.1
13476 33.6134
13477 67.3401
13478 32.8947
13480 29.1886
13482 1587.3
13483 220.264
13484 3448.28
13485 61.1621
13486 135.501
13488 709.22
13489 187.617
13490 84.674
13491 25.9538
13492 8.77578
13493 45.3515
13494 450.45
13495 48.0538
13501 2.49054
13502 2.94447
13601 2.60879
13602 35.7398
13603 7.11744
13605 19.0078
13606 41.2712
13607 57.1429
13608 55.0055
13611 320.513
13612 36.9959
13613 38.4025
13614 289.855
13615 170.648
13616 51.6529
13617 8.2481
13618 55.1268
13619 9.41176
13620 48.4027
13621 173.01
13622 50.3778
13623 1960.78
13624 20.2716
13625 64.4745
13626 43.8212
13628 373.134
13630 69.3001
13632 934.579
13633 314.465
13634 25.3357
13635 80.3859
13636 564.972
13637 22.2568
13638 268.817
13639 4166.67
13640 331.126
13641 1851.85
13642 10.826
13643 1666.67
13645 100000
13646 44.3066
13647 666.667
13648 49.8256
13649 2702.7
13650 73.8007
13651 793.651
13652 55.6793
13654 42.0168
13655 27.2554
13656 30.9598
13658 42.9923
13659 263.852
13660 54.0833
13661 54.7945
13662 6.20463
13664 247.525
13665 123.153
13666 462.963
13667 31.5358
13668 31.25
13669 6.23286
13670 261.097
13672 265.957
13673 46.2321
13674 729.927
13675 1639.34
13676 7.05268
13678 952.381
13679 90.2527
13680 71.5308
13681 102.987
13682 118.343
13683 1515.15
13684 85.3242
13685 45.7247
13687 198.02
13690 129.366
13691 32.0205
13692 462.963
13693 340.136
13694 79.8085
13695 500
13696 574.713
13697 53.2198
13699 49.4805
13730 34.8311
13731 99.8004
13732 13.1458
13733 19.8059
13734 42.1585
13736 55.3403
13738 2272.73
13739 124.844
13740 178.571
13743 29.4638
13744 73.5835
13746 46.6853
13747 3448.28
13748 26.5957
13750 140.647
13751 478.469
13752 115.207
13753 17.8795
13754 37.6506
13755 112.613
13756 144.092
13757 78.4929
13760 2.31267
13774 675.676
13775 55.371
13776 247.525
13777 252.525
13778 18.6951
13780 116.009
13782 136.986
13783 42.9
13784 340.136
13786 273.224
13787 32.6052
13788 104.275
13790 5.38097
13795 33.8524
13796 100.402
13797 48.5201
13801 66.8449
13802 92.6784
13803 23.3754
13804 526.316
13806 450.45
13807 77.1605
13808 72.5163
13809 50.9165
13810 79.3651
13811 24.2718
13812 43.611
13813 88.4173
13814 5555.56
13815 7.73694
13820 4.44444
13825 32.7011
13826 1098.9
13827 8.49618
13830 20.2716
13832 222.717
13833 23.2721
13834 847.458
13835 76.864
13838 25.1004
13839 75.815
13841 207.039
13842 163.934
13843 47.7555
13844 156.74
13846 271.003
13847 5882.35
13849 22.604
13850 4.24737
13856 16.4935
13859 990.099
13860 438.596
13861 220.264
13862 27.0124
13863 211.416
13864 87.108
13865 16.6667
13901 5.00526
13902 15.6128
13903 5.41038
13904 10.5274
13905 3.61363
14001 10.8707
14004 8.5778
14005 47.9616
14006 10.636
14008 62.7353
14009 18.2582
14011 12.9685
14012 33.1126
14013 57.3394
14020 4.45593
14024 61.0874
14025 26.6383
14026 197.628
14027 2941.18
14028 64.2674
14029 3225.81
14030 48.8998
14031 10.3252
14032 9.45895
14033 68.4932
14034 39.7931
14035 1639.34
14036 18.498
14037 103.842
14039 1428.57
14040 55.5864
14041 757.576
14042 22.7118
14043 4.01027
14047 16.2681
14048 6.72993
14051 5.06406
14052 5.65163
14054 73.7463
14055 68.7285
14056 515.464
14057 13.0073
14058 41.5282
14059 10.3853
14060 280.899
14061 1075.27
14062 30.7598
14063 7.62021
14065 57.241
14066 91.4913
14067 24.8262
14068 12.5156
14069 158.73
14070 16.1655
14072 4.66941
14075 2.24165
14080 23.7248
14081 34.3643
14082 149.031
14083 10000
14085 12.0511
14086 2.8473
14091 62.5
14092 9.5039
14094 1.98799
14098 31.7864
14101 54.2594
14102 67.2043
14103 9.27386
14105 19.5008
14108 19.0006
14109 82.1018
14111 31.746
14112 1851.85
14113 145.773
14120 2.25154
14125 27.933
14126 219.298
14127 3.26243
14129 76.9231
14130 892.857
14131 19.2976
14132 14.9499
14134 1388.89
14135 709.22
14136 19.5236
14138 53.6481
14139 48.216
14141 13.3476
14143 94.518
14145 82.9187
14150 2.4122
14166 432.9
14167 53.5906
14168 1298.7
14169 1250
14170 44.9843
14171 62.3053
14172 32.352
14173 531.915
14174 17.55
14201 7.92205
14202 27.2926
14203 41.841
14204 13.0446
14206 4.60278
14207 3.8912
14208 8.46024
14209 11.5247
14210 6.50111
14211 4.14199
14212 7.52162
14213 4.17014
14214 4.52223
14215 2.36027
14216 4.1651
14217 4.36281
14218 4.77646
14219 9.21319
14220 4.17955
14221 1.81068
14222 6.35163
14223 4.448
14224 2.45429
14225 2.93574
14226 3.41612
14227 4.68845
14228 3.99393
14260 123.153
14261 20.7555
14301 8.22978
14302 485.437
14303 16.2364
14304 3.49871
14305 6.02228
14411 7.93147
14413 574.713
14414 14.7427
14415 787.402
14416 26.3158
14418 90.6618
14420 5.01379
14422 56.7215
14423 20.3832
14424 3.49871
14425 7.57518
14427 58.1058
14428 13.7043
14432 18.1159
14433 23.4467
14435 43.554
14437 10.9075
14441 232.019
14445 13.0056
14450 2.32116
14453 100000
14454 9.04323
14456 5.05153
14462 124.533
14463 331.126
14464 15.024
14466 58.9275
14467 9.63298
14468 5.30054
14469 16.8435
14470 13.0651
14471 36.5631
14472 10.9421
14475 335.57
14476 40.6339
14477 59.8086
14478 73.046
14479 1020.41
14480 170.068
14481 56.338
14482 11.9147
14485 24.3784
14486 392.157
14487 17.6647
14489 14.1764
14502 9.8668
14504 65.189
14505 20.4248
14506 142.857
14507 94.8767
14510 20.9293
14511 259.74
14512 20.5973
14513 7.22804
14514 16.952
14515 724.638
14516 39.9202
14517 36.0231
14519 8.01282
14521 29.7089
14522 10.4439
14525 39.4322
14526 5.06637
14527 7.77001
14529 2083.33
14530 15.3894
14532 25.9808
14533 54.8847
14534 2.94863
14536 155.521
14537 854.701
14539 534.759
14541 27.3224
14542 100000
14543 31.0849
14544 46.3607
14545 925.926
14546 20.3252
14548 24.7402
14549 256.41
14550 81.103
14551 20.1776
14555 83.1255
14556 84.4595
14557 826.446
14559 5.44218
14560 45.4133
14561 41.9815
14564 6.24766
14568 15.7505
14569 15.6568
14571 76.5697
14572 20.0844
14580 1.83419
14585 641.026
14586 7.86164
14588 100000
14589 12.7584
14590 19.5198
14591 63.5728
14592 884.956
14604 37.2856
14605 8.81213
14606 3.60542
14607 5.77401
14608 8.01925
14609 2.43108
14610 7.12606
14611 5.63285
14612 2.83567
14613 6.60851
14614 88.8099
14615 5.43685
14616 3.66972
14617 4.54752
14618 4.20468
14619 7.10581
14620 4.11658
14621 3.03251
14622 7.83085
14623 3.85238
14624 2.56226
14625 9.57396
14626 3.43194
14627 34.5781
14642 100000
14701 2.53286
14706 16.5262
14707 1075.27
14708 645.161
14709 80.6452
14710 32
14711 51.4668
14712 32.3729
14714 183.824
14715 38.7747
14716 38.432
14717 177.305
14718 49.4071
14719 29.4291
14720 114.943
14721 571.429
14722 529.101
14723 98.8142
14724 33.8409
14726 36.4564
14727 20.247
14728 95.3289
14729 123.001
14731 81.9672
14732 5555.56
14733 32.2165
14735 36.6972
14736 649.351
14737 24.3605
14738 28.2326
14739 38.0662
14740 89.9281
14741 52.9942
14742 1111.11
14743 46.0617
14744 44.4444
14747 48.2393
14748 198.02
14750 22.119
14752 434.783
14753 105.263
14754 187.266
14755 34.9895
14756 100000
14757 31.4169
14760 5.65771
14767 44.1501
14769 153.61
14770 34.626
14772 25.0438
14774 344.828
14775 38.9864
14777 163.132
14778 72.4638
14779 14.4949
14781 54.7345
14782 46.1042
14783 781.25
14784 133.333
14785 769.231
14787 21.0261
14788 961.538
14801 19.0006
14802 21.9154
14803 64.6831
14804 66.357
14805 130.719
14806 46.5333
14807 32.9598
14808 181.818
14809 34.4234
14810 8.70777
14812 30.4321
14813 45.1875
14814 56.0538
14815 137.552
14816 168.067
14817 34.3525
14818 56.6572
14819 160
14820 188.324
14821 30.003
14822 117.647
14823 25.9673
14824 130.208
14825 132.45
14826 52.0021
14827 6250
14830 5.22821
14836 119.76
14837 17.8699
14838 46.8823
14839 168.35
14840 38.8048
14841 134.59
14842 118.064
14843 8.05283
14845 4.81788
14846 105.042
14847 41.511
14850 1.52114
14853 45.4133
14854 1052.63
14855 114.811
14856 100000
14858 71.6846
14859 87.6424
14860 89.2061
14861 87.8735
14864 96.8054
14865 37.7786
14867 19.0767
14869 67.981
14870 10.0301
14871 21.9732
14872 184.502
14873 50.1253
14874 645.161
14877 146.199
14878 116.55
14879 44.3656
14880 65.7895
14881 400
14882 27.1887
14883 22.0264
14884 330.033
14885 169.492
14886 15.2812
14889 78.7402
14891 22.6449
14892 13.2415
14893 2941.18
14894 69.4444
14895 10.9075
14897 139.665
14898 64.5578
14901 6.70871
14903 14.1044
14904 7.00035
14905 11.2969
