06390 0.0
10001 12.7
10002 23.1
10003 15.1
10004 4.1
10005 1.8
10006 2.4
10007 8.5
10009 15.7
10010 17.2
10011 17.8
10012 15.7
10013 17.2
10014 17.2
10016 12.6
10017 23.7
10018 9.9
10019 20.3
10021 23.3
10022 29.8
10023 21.0
10024 21.4
10025 20.9
10026 10.7
10027 11.1
10028 21.6
10029 16.3
10030 11.9
10031 12.2
10032 16.8
10033 13.6
10034 13.8
10035 14.3
10036 15.3
10037 18.0
10038 16.7
10039 11.1
10040 18.9
10044 18.5
10065 21.4
10069 9.4
10075 26.1
10128 21.6
10162 59.0
10279 0.0
10280 14.3
10282 8.9
10301 15.6
10302 10.2
10303 11.8
10304 14.3
10305 19.4
10306 18.8
10307 15.9
10308 15.6
10309 16.5
10310 12.6
10312 18.0
10314 18.8
10451 12.3
10452 10.7
10453 9.4
10454 10.9
10455 10.1
10456 11.3
10457 9.3
10458 9.7
10459 10.8
10460 11.4
10461 15.4
10462 12.8
10463 20.3
10464 28.9
10465 16.1
10466 14.8
10467 12.3
10468 11.2
10469 17.0
10470 16.8
10471 28.7
10472 12.7
10473 17.3
10474 10.0
10475 23.8
10501 16.0
10502 20.5
10503 53.2
10504 13.9
10505 19.9
10506 13.2
10507 16.5
10509 18.5
10510 21.9
10511 18.1
10512 20.1
10514 14.0
10516 22.5
10517 24.9
10518 18.8
10519 0.0
10520 22.5
10522 16.3
10523 10.6
10524 22.9
10526 14.9
10527 16.3
10528 14.3
10530 27.5
10532 23.2
10533 13.1
10535 38.8
10536 18.1
10537 11.0
10538 12.8
10540 7.9
10541 15.5
10543 16.7
10545 38.9
10546 18.4
10547 16.0
10548 19.9
10549 17.6
10550 15.9
10552 19.6
10553 15.2
10560 22.5
10562 18.5
10566 16.4
10567 17.2
10570 15.7
10573 14.1
10576 26.7
10577 8.8
10578 5.4
10579 18.1
10580 14.0
10583 17.0
10588 20.6
10589 42.5
10590 19.2
10591 20.1
10594 16.9
10595 22.9
10596 22.1
10597 16.0
10598 18.4
10601 21.1
10603 15.8
10604 13.2
10605 23.8
10606 15.9
10607 17.6
10701 13.0
10703 17.4
10704 18.8
10705 15.3
10706 22.3
10707 20.8
10708 21.2
10709 20.4
10710 22.3
10801 15.0
10803 13.3
10804 20.6
10805 22.1
10901 19.2
10911 0.0
10913 19.8
10914 3.1
10916 14.6
10917 13.5
10918 14.9
10919 12.4
10920 14.9
10921 15.8
10922 14.7
10923 13.4
10924 19.6
10925 15.8
10926 15.6
10927 13.8
10928 17.2
10930 11.4
10931 14.1
10932 0.0
10933 0.0
10940 15.1
10941 13.7
10950 7.0
10952 9.5
10954 19.6
10956 20.3
10958 14.1
10960 20.8
10962 22.8
10963 15.7
10964 26.5
10965 19.5
10968 23.5
10969 13.3
10970 16.3
10973 16.8
10974 13.7
10975 13.4
10976 25.4
10977 8.4
10980 18.9
10983 18.9
10984 19.4
10985 0.0
10986 14.1
10987 24.2
10988 18.3
10989 25.4
10990 20.2
10992 13.1
10993 23.7
10994 25.4
10996 0.5
10998 12.1
11001 18.9
11003 15.9
11004 25.7
11005 91.0
11010 16.9
11020 15.3
11021 23.2
11023 20.7
11024 15.7
11030 19.2
11040 20.8
11042 92.4
11050 20.5
11096 11.6
11101 7.6
11102 13.1
11103 11.4
11104 12.7
11105 13.3
11106 14.2
11109 5.5
11201 12.5
11203 19.7
11204 14.3
11205 8.7
11206 10.0
11207 13.8
11208 11.7
11209 18.5
11210 16.7
11211 8.7
11212 13.8
11213 13.2
11214 18.0
11215 10.9
11216 10.8
11217 11.6
11218 13.7
11219 11.4
11220 13.1
11221 10.2
11222 9.9
11223 15.6
11224 28.5
11225 15.3
11226 13.1
11228 20.2
11229 20.8
11230 17.3
11231 10.1
11232 7.6
11233 12.2
11234 20.4
11235 25.3
11236 16.9
11237 9.1
11238 11.8
11239 27.4
11249 6.9
11354 22.7
11355 22.1
11356 17.5
11357 25.1
11358 20.0
11360 29.5
11361 20.3
11362 27.2
11363 21.5
11364 20.0
11365 16.5
11366 20.0
11367 17.5
11368 10.5
11369 16.0
11370 14.5
11372 15.3
11373 13.1
11374 19.4
11375 20.4
11377 15.5
11378 12.7
11379 21.2
11385 12.0
11411 20.6
11412 15.2
11413 15.4
11414 24.9
11415 17.0
11416 12.6
11417 13.5
11418 16.1
11419 16.3
11420 13.5
11421 13.4
11422 17.8
11423 19.4
11426 23.7
11427 22.6
11428 21.3
11429 17.6
11430 1.8
11432 16.8
11433 13.2
11434 15.5
11435 13.2
11436 13.0
11439 0.0
11501 16.5
11507 21.1
11509 29.4
11510 16.3
11514 12.8
11516 17.1
11518 17.3
11520 15.4
11530 17.1
11542 20.3
11545 21.1
11547 25.0
11548 17.5
11549 0.0
11550 12.4
11552 14.4
11553 14.3
11554 22.0
11557 18.1
11558 19.9
11559 18.6
11560 18.8
11561 20.7
11563 21.3
11565 19.6
11566 17.7
11568 14.3
11569 36.9
11570 20.2
11572 21.6
11575 10.7
11576 24.7
11577 19.5
11579 19.5
11580 16.9
11581 16.1
11590 17.4
11596 17.2
11598 13.7
11691 14.6
11692 12.0
11693 16.7
11694 20.9
11697 23.3
11701 18.2
11702 19.3
11703 16.7
11704 17.9
11705 15.6
11706 13.0
11709 21.0
11710 16.0
11713 16.3
11714 20.3
11715 20.5
11716 16.5
11717 11.1
11718 14.1
11719 20.8
11720 14.2
11721 17.9
11722 10.7
11724 13.5
11725 17.1
11726 13.0
11727 16.5
11729 15.5
11730 19.1
11731 16.8
11732 25.2
11733 19.0
11735 17.3
11738 11.0
11739 22.8
11740 18.7
11741 15.8
11742 13.3
11743 20.3
11746 16.6
11747 27.0
11749 15.4
11751 19.9
11752 17.2
11753 18.1
11754 20.5
11755 14.9
11756 16.4
11757 15.7
11758 20.0
11762 19.6
11763 19.1
11764 18.8
11765 27.3
11766 26.0
11767 16.0
11768 22.8
11769 25.2
11770 16.1
11771 17.2
11772 14.9
11776 14.9
11777 23.4
11778 12.1
11779 14.9
11780 20.6
11782 19.3
11783 17.4
11784 14.9
11786 12.6
11787 19.4
11788 16.0
11789 11.9
11790 14.2
11791 15.9
11792 16.8
11793 17.2
11794 0.0
11795 14.1
11796 15.0
11797 33.0
11798 11.0
11801 18.5
11803 22.7
11804 17.7
11901 24.8
11930 41.4
11932 27.9
11933 26.7
11934 14.6
11935 37.0
11937 21.1
11939 45.7
11940 23.3
11941 20.9
11942 23.3
11944 32.5
11946 19.2
11947 0.0
11948 13.3
11949 18.8
11950 10.1
11951 11.5
11952 28.3
11953 21.7
11954 21.5
11955 27.3
11956 42.3
11957 48.4
11958 23.0
11959 31.8
11960 37.2
11961 30.7
11962 41.0
11963 26.3
11964 29.2
11965 39.3
11967 13.4
11968 29.6
11970 59.1
11971 25.3
11972 17.9
11973 0.0
11975 31.5
11976 19.3
11977 33.2
11978 24.4
11980 18.3
12007 27.7
12008 11.7
12009 20.7
12010 19.7
12015 25.9
12017 49.4
12018 20.3
12019 22.1
12020 17.7
12022 18.8
12023 13.5
12024 7.2
12025 23.5
12027 18.6
12028 17.0
12029 34.4
12031 38.2
12032 31.5
12033 24.6
12035 31.2
12036 15.5
12037 22.7
12040 17.9
12041 14.7
12042 9.4
12043 22.0
12045 2.6
12046 30.6
12047 18.2
12051 17.3
12052 18.5
12053 13.3
12054 20.8
12056 20.7
12057 19.6
12058 20.6
12059 18.0
12060 33.3
12061 17.7
12062 18.0
12063 16.7
12064 24.8
12065 16.4
12066 14.5
12067 17.6
12068 21.8
12069 14.9
12070 20.0
12071 11.1
12072 14.0
12074 18.7
12075 25.7
12076 30.3
12077 17.7
12078 18.1
12082 100.0
12083 20.1
12084 13.4
12085 35.7
12086 28.5
12087 15.8
12090 22.9
12092 20.3
12093 21.9
12094 19.4
12095 18.8
12106 31.0
12108 26.5
12110 18.6
12115 65.3
12116 23.6
12117 26.3
12118 20.0
12120 24.4
12121 26.0
12122 28.5
12123 18.3
12124 11.0
12125 19.2
12130 9.7
12131 25.5
12132 27.1
12134 29.8
12136 41.5
12137 12.9
12138 19.1
12139 37.8
12140 16.1
12143 15.0
12144 17.7
12147 48.1
12148 25.2
12149 19.0
12150 22.8
12151 19.2
12153 21.9
12154 18.6
12155 25.7
12156 20.7
12157 24.1
12158 21.2
12159 29.1
12160 19.1
12161 0.0
12164 43.9
12165 49.0
12166 17.9
12167 26.4
12168 21.2
12169 21.9
12170 12.7
12172 0.0
12173 12.4
12174 45.4
12175 31.7
12176 32.5
12177 10.3
12180 14.4
12182 18.5
12183 15.0
12184 25.4
12185 18.8
12186 18.7
12187 21.4
12188 19.6
12189 17.1
12190 14.8
12192 29.2
12193 36.2
12194 19.8
12195 6.0
12196 20.3
12197 26.9
12198 19.3
12202 11.4
12203 16.5
12204 12.8
12205 21.1
12206 11.4
12207 13.2
12208 17.3
12209 11.6
12210 14.7
12211 18.9
12222 0.2
12302 22.3
12303 18.8
12304 17.8
12305 10.8
12306 17.2
12307 9.8
12308 15.6
12309 18.8
12401 18.3
12404 15.1
12405 30.5
12406 33.9
12407 32.6
12409 31.4
12410 15.8
12411 23.3
12412 63.9
12413 22.3
12414 22.6
12416 49.3
12417 26.2
12418 20.4
12419 14.5
12420 13.1
12421 53.1
12422 32.2
12423 15.6
12424 47.5
12427 12.0
12428 21.2
12429 0.0
12430 18.0
12431 15.4
12432 35.6
12433 24.5
12434 25.0
12435 33.3
12436 51.9
12438 0.0
12439 25.3
12440 24.8
12441 62.9
12442 40.1
12443 19.7
12444 26.8
12446 20.6
12448 21.8
12449 23.6
12450 12.7
12451 27.1
12452 100.0
12453 86.3
12454 16.4
12455 28.1
12456 15.0
12457 22.4
12458 19.0
12459 41.2
12460 25.6
12461 31.7
12463 24.1
12464 29.5
12465 40.1
12466 28.1
12468 35.2
12469 27.1
12470 18.1
12471 16.8
12472 22.3
12473 37.3
12474 35.6
12475 26.3
12477 20.8
12480 33.3
12481 29.9
12482 38.4
12483 59.2
12484 28.9
12485 31.3
12486 39.5
12487 17.9
12489 58.4
12491 20.1
12492 18.8
12493 42.6
12494 16.3
12495 87.4
12496 24.8
12498 42.8
12501 23.8
12502 22.9
12503 24.1
12504 0.0
12507 15.5
12508 15.0
12512 4.9
12513 66.2
12514 29.9
12515 18.8
12516 30.6
12517 18.8
12518 19.5
12520 20.9
12521 27.8
12522 18.4
12523 23.8
12524 22.7
12525 13.5
12526 28.5
12527 0.0
12528 20.0
12529 34.0
12530 15.5
12531 19.0
12533 15.3
12534 21.5
12538 21.7
12540 10.9
12542 21.3
12543 21.0
12544 0.0
12545 31.9
12546 24.6
12547 14.2
12548 17.8
12549 16.4
12550 15.3
12553 15.2
12561 18.7
12563 14.9
12564 19.1
12565 16.9
12566 15.2
12567 30.0
12569 17.2
12570 16.8
12571 18.9
12572 30.8
12574 48.1
12575 11.7
12577 12.2
12578 23.1
12580 24.1
12581 21.6
12582 10.8
12583 17.7
12585 27.1
12586 13.2
12589 11.9
12590 19.8
12592 11.7
12594 18.3
12601 16.2
12603 17.8
12604 0.0
12701 19.2
12719 23.8
12720 2.9
12721 9.5
12723 20.0
12724 28.2
12725 18.0
12726 33.5
12729 24.0
12732 33.1
12733 3.9
12734 16.8
12736 57.4
12737 12.8
12738 22.8
12740 19.6
12741 29.8
12742 14.4
12743 37.7
12745 100.0
12746 22.8
12747 22.9
12748 24.8
12749 8.3
12750 69.4
12751 17.0
12752 20.5
12754 11.4
12758 26.8
12759 5.9
12760 29.4
12762 6.9
12763 44.0
12764 21.2
12765 10.8
12766 40.4
12767 4.4
12768 30.4
12769 34.4
12770 12.8
12771 18.3
12775 28.9
12776 29.8
12777 28.5
12778 43.0
12779 18.0
12780 21.8
12781 46.0
12783 32.7
12785 10.8
12786 55.1
12787 44.3
12788 13.0
12789 12.6
12790 22.1
12791 10.3
12792 26.3
12801 15.3
12803 19.1
12804 23.4
12808 38.3
12809 22.3
12810 28.3
12811 32.9
12812 90.0
12814 35.4
12815 31.3
12816 23.6
12817 32.2
12819 19.2
12820 0.0
12821 6.2
12822 20.8
12823 5.8
12824 36.2
12827 20.9
12828 20.6
12831 14.4
12832 22.5
12833 18.4
12834 21.7
12835 30.5
12836 47.3
12837 18.9
12838 20.4
12839 19.2
12841 64.2
12842 23.0
12843 12.7
12844 48.1
12845 29.9
12846 22.0
12847 32.0
12849 35.8
12850 21.0
12851 21.6
12852 44.9
12853 37.1
12854 0.0
12855 30.0
12856 24.9
12857 36.9
12858 56.2
12859 16.2
12860 19.2
12861 24.5
12862 29.3
12863 11.6
12864 0.0
12865 19.5
12866 22.3
12870 34.0
12871 13.9
12872 0.0
12873 20.2
12874 36.8
12878 22.2
12883 25.5
12884 17.3
12885 21.2
12886 19.5
12887 16.8
12901 17.1
12903 22.5
12910 15.7
12912 27.1
12913 15.4
12914 17.9
12915 6.9
12916 18.6
12917 13.4
12918 18.3
12919 22.8
12920 17.6
12921 13.3
12922 8.1
12923 22.1
12924 0.0
12926 17.7
12927 35.3
12928 26.4
12929 4.0
12930 19.6
12932 33.3
12933 100.0
12934 22.8
12935 20.4
12936 29.5
12937 19.1
12939 22.0
12941 20.4
12942 34.5
12943 28.7
12944 22.7
12945 36.2
12946 18.9
12950 14.1
12952 15.5
12953 16.0
12955 28.4
12956 29.4
12957 23.7
12958 20.3
12959 16.4
12960 48.4
12961 0.0
12962 23.8
12964 35.4
12965 23.9
12966 12.5
12967 11.5
12969 49.8
12970 13.1
12972 13.3
12973 23.7
12974 23.7
12975 31.0
12976 41.1
12977 1.7
12978 46.1
12979 22.0
12980 26.3
12981 13.8
12983 20.8
12985 20.8
12986 23.8
12987 15.8
12989 26.7
12992 23.3
12993 31.0
12996 27.1
12997 24.3
12998 22.4
13020 26.2
13021 22.0
13024 0.9
13026 17.7
13027 18.0
13028 19.3
13029 17.9
13030 17.0
13031 22.8
13032 18.8
13033 14.0
13034 20.7
13035 21.3
13036 18.0
13037 17.2
13039 16.5
13040 18.3
13041 15.9
13042 20.4
13044 16.0
13045 14.3
13051 0.0
13052 18.7
13053 18.6
13054 16.9
13057 20.2
13060 17.7
13061 27.0
13062 32.5
13063 27.5
13065 14.4
13066 24.1
13068 20.6
13069 16.5
13071 13.3
13072 25.7
13073 19.3
13074 16.7
13076 10.9
13077 22.9
13078 20.3
13080 23.7
13081 23.0
13082 21.3
13083 14.2
13084 24.2
13087 35.4
13088 22.5
13090 14.5
13092 12.8
13101 15.1
13102 0.0
13103 14.6
13104 19.2
13108 27.9
13110 28.2
13111 14.3
13112 18.8
13113 30.8
13114 19.1
13115 12.9
13116 21.7
13117 10.4
13118 18.7
13120 15.6
13122 33.3
13123 100.0
13124 37.3
13126 16.4
13131 18.4
13132 18.4
13134 11.4
13135 16.8
13136 21.6
13138 0.0
13140 20.3
13141 25.6
13142 21.5
13143 15.5
13144 14.7
13145 23.4
13146 15.2
13147 22.0
13148 20.4
13152 31.4
13153 8.6
13154 32.4
13155 21.5
13156 27.4
13157 23.7
13158 15.8
13159 19.7
13160 18.9
13162 19.8
13163 25.6
13164 14.2
13165 21.5
13166 16.8
13167 19.0
13202 5.6
13203 17.6
13204 10.3
13205 21.1
13206 15.5
13207 15.9
13208 12.1
13209 21.8
13210 8.0
13211 14.6
13212 23.1
13214 20.6
13215 23.0
13219 20.2
13224 20.2
13244 0.0
13301 49.4
13302 11.5
13303 22.4
13304 17.1
13305 32.3
13308 12.9
13309 19.0
13310 9.7
13312 28.2
13313 15.9
13314 0.0
13315 26.1
13316 27.5
13317 12.9
13318 17.1
13319 9.5
13320 17.7
13321 30.8
13322 21.5
13323 22.8
13324 26.6
13325 20.6
13326 33.9
13327 14.9
13328 15.3
13329 23.5
13331 49.3
13332 11.0
13333 42.1
13334 25.0
13335 18.5
13337 29.6
13338 33.2
13339 17.2
13340 19.4
13342 6.9
13343 23.1
13345 21.1
13346 17.7
13348 13.1
13350 24.4
13352 0.0
13353 31.7
13354 24.4
13355 14.7
13357 23.1
13360 8.6
13361 15.9
13363 16.0
13364 39.7
13365 17.6
13367 21.0
13368 21.7
13402 24.6
13403 11.4
13404 18.1
13406 12.8
13407 21.1
13408 12.8
13409 20.0
13410 27.1
13411 23.1
13413 27.7
13415 32.9
13416 21.4
13417 31.2
13418 10.8
13420 34.6
13421 21.3
13424 17.9
13425 16.3
13428 30.1
13431 16.8
13433 17.1
13435 16.4
13436 34.6
13437 27.4
13438 19.9
13439 18.9
13440 19.8
13441 8.1
13450 0.8
13452 21.0
13454 13.4
13455 0.0
13456 11.8
13457 37.5
13459 20.7
13460 15.5
13461 26.3
13464 22.5
13468 22.0
13469 13.7
13470 14.9
13471 20.6
13472 25.3
13473 23.0
13475 64.1
13476 17.7
13477 7.9
13478 24.7
13480 18.1
13482 30.2
13483 3.5
13484 100.0
13485 12.9
13486 23.2
13488 28.4
13489 17.6
13490 14.9
13491 16.4
13492 23.4
13493 10.1
13494 30.2
13495 15.0
13501 16.2
13502 15.2
13601 14.5
13602 0.0
13603 0.2
13605 16.6
13606 15.8
13607 31.5
13608 13.8
13611 38.8
13612 20.7
13613 22.2
13614 6.1
13615 19.6
13616 15.3
13617 13.8
13618 31.5
13619 14.9
13620 19.8
13621 11.1
13622 24.5
13623 35.3
13624 21.6
13625 24.4
13626 16.2
13628 3.7
13630 16.4
13632 0.0
13633 18.9
13634 22.4
13635 15.7
13636 16.4
13637 5.4
13638 3.0
13639 100.0
13640 60.6
13641 100.0
13642 19.0
13643 0.0
13646 17.9
13647 18.0
13648 20.9
13649 18.9
13650 33.7
13651 74.6
13652 14.8
13654 12.1
13655 14.8
13656 13.9
13658 26.4
13659 19.5
13660 13.8
13661 14.0
13662 21.4
13664 30.2
13665 12.9
13666 10.6
13667 18.6
13668 19.9
13669 17.2
13670 40.7
13672 35.9
13673 13.4
13674 24.1
13675 14.8
13676 15.9
13678 18.1
13679 17.1
13680 9.0
13681 21.2
13682 20.5
13683 0.0
13684 21.5
13685 22.7
13687 35.4
13690 22.3
13691 8.0
13692 43.1
13693 42.9
13694 28.7
13695 14.5
13696 20.1
13697 25.4
13699 0.0
13730 26.2
13731 33.1
13732 17.5
13733 21.7
13734 16.9
13736 21.1
13738 0.0
13739 22.0
13740 31.8
13743 21.7
13744 10.2
13746 33.8
13747 100.0
13748 23.4
13750 22.6
13751 5.7
13752 16.6
13753 19.2
13754 25.7
13755 21.3
13756 23.3
13757 30.8
13760 22.2
13774 8.8
13775 26.1
13776 23.3
13777 25.5
13778 20.1
13780 5.7
13782 40.1
13783 32.0
13784 15.6
13786 31.4
13787 26.8
13788 22.5
13790 21.2
13795 24.0
13796 26.0
13797 16.2
13801 21.1
13802 10.5
13803 17.3
13804 26.8
13806 14.4
13807 18.3
13808 19.9
13809 19.7
13810 31.7
13811 18.7
13812 19.1
13813 13.4
13814 16.7
13815 22.4
13820 18.3
13825 23.3
13826 34.1
13827 23.3
13830 22.9
13832 12.0
13833 16.5
13834 39.0
13835 19.7
13838 22.3
13839 26.2
13841 15.7
13842 20.2
13843 20.3
13844 17.9
13846 40.4
13847 47.1
13849 26.9
13850 22.3
13856 22.2
13859 24.8
13860 21.1
13861 30.4
13862 21.0
13863 22.6
13864 27.0
13865 22.1
13901 19.2
13902 0.0
13903 17.7
13904 18.3
13905 18.2
14001 20.5
14004 22.6
14005 12.0
14006 22.3
14008 15.2
14009 20.5
14011 14.7
14012 17.7
14013 20.0
14020 21.3
14024 14.4
14025 15.1
14026 29.6
14027 0.0
14028 29.8
14029 6.5
14030 13.9
14031 26.6
14032 15.2
14033 25.0
14034 17.8
14035 19.7
14036 28.0
14037 24.9
14039 32.9
14040 19.8
14041 13.6
14042 18.2
14043 21.7
14047 22.2
14048 20.2
14051 21.0
14052 23.4
14054 13.8
14055 25.3
14056 42.3
14057 20.4
14058 11.8
14059 22.0
14060 32.0
14061 32.3
14062 18.0
14063 22.3
14065 15.9
14066 21.8
14067 15.4
14068 28.4
14069 31.4
14070 17.3
14072 20.0
14075 22.8
14080 18.8
14081 23.8
14082 13.0
14083 0.0
14085 15.5
14086 19.7
14091 20.1
14092 29.6
14094 17.6
14098 14.4
14101 24.4
14102 13.6
14103 15.8
14105 22.0
14108 20.6
14109 0.0
14111 14.0
14112 48.1
14113 18.4
14120 20.3
14125 15.4
14126 10.5
14127 23.7
14129 24.5
14130 28.6
14131 20.1
14132 15.2
14134 43.1
14135 31.9
14136 23.5
14138 21.4
14139 14.8
14141 21.1
14143 15.3
14145 20.7
14150 20.5
14166 68.8
14167 15.9
14168 7.8
14169 7.5
14170 14.8
14171 25.2
14172 20.5
14173 4.3
14174 26.6
14201 10.7
14202 15.1
14203 9.7
14204 19.6
14206 15.0
14207 9.0
14208 17.7
14209 19.2
14210 18.3
14211 13.2
14212 12.6
14213 8.5
14214 12.0
14215 12.5
14216 15.1
14217 17.8
14218 16.0
14219 21.8
14220 17.2
14221 26.9
14222 11.4
14223 19.1
14224 20.9
14225 18.6
14226 17.5
14227 27.1
14228 15.2
14260 0.0
14261 0.0
14301 20.9
14302 41.3
14303 17.6
14304 21.8
14305 16.1
14411 19.6
14413 0.0
14414 25.1
14415 9.4
14416 14.4
14418 31.4
14420 15.3
14422 18.0
14423 18.4
14424 22.9
14425 13.3
14427 20.3
14428 21.8
14432 19.7
14433 16.8
14435 23.4
14437 21.5
14441 16.9
14445 17.9
14450 22.0
14454 14.7
14456 20.1
14462 12.1
14463 13.9
14464 20.0
14466 15.6
14467 20.3
14468 17.5
14469 25.9
14470 19.3
14471 31.4
14472 15.5
14475 25.8
14476 17.2
14477 13.6
14478 11.6
14479 28.6
14480 12.8
14481 18.9
14482 19.1
14485 15.3
14486 13.3
14487 20.1
14489 17.8
14502 16.9
14504 21.8
14505 17.2
14506 48.4
14507 25.7
14510 22.3
14511 9.9
14512 22.1
14513 22.9
14514 22.2
14515 46.4
14516 18.0
14517 16.6
14519 19.8
14521 18.1
14522 24.1
14525 16.1
14526 21.6
14527 24.8
14529 50.0
14530 19.4
14532 16.1
14533 25.0
14534 22.2
14536 18.2
14537 20.5
14539 5.9
14541 13.0
14543 30.4
14544 18.2
14545 17.6
14546 23.2
14548 17.1
14549 32.1
14550 21.2
14551 23.2
14555 31.8
14556 2.6
14557 32.2
14559 18.4
14560 19.2
14561 27.2
14564 21.5
14568 16.3
14569 22.2
14571 30.0
14572 15.3
14580 22.0
14585 73.7
14586 10.7
14589 18.9
14590 24.5
14591 22.6
14592 64.6
14604 13.3
14605 12.9
14606 15.8
14607 13.2
14608 10.6
14609 14.7
14610 24.6
14611 13.5
14612 20.4
14613 9.0
14614 2.5
14615 11.9
14616 15.9
14617 22.1
14618 18.5
14619 14.0
14620 15.5
14621 15.0
14622 22.3
14623 12.0
14624 18.2
14625 23.1
14626 24.9
14627 0.0
14701 18.1
14706 25.4
14707 9.7
14708 20.0
14709 22.3
14710 22.8
14711 14.8
14712 35.6
14714 27.8
14715 21.6
14716 17.5
14717 31.0
14718 19.2
14719 19.7
14720 24.3
14721 31.4
14722 43.9
14723 22.2
14724 11.7
14726 7.7
14727 23.0
14728 16.1
14729 12.2
14731 30.7
14732 44.4
14733 21.6
14735 22.2
14736 39.0
14737 22.9
14738 20.8
14739 21.4
14740 32.6
14741 16.4
14742 40.0
14743 20.0
14744 13.8
14747 16.7
14748 22.6
14750 27.7
14752 68.7
14753 18.9
14754 23.4
14755 16.7
14757 25.2
14760 20.3
14767 13.6
14769 22.9
14770 17.8
14772 19.7
14774 4.8
14775 15.9
14777 15.2
14778 0.6
14779 17.8
14781 20.9
14782 23.1
14783 14.1
14784 19.7
14785 0.0
14787 24.7
14788 22.1
14801 15.7
14802 5.2
14803 17.9
14804 15.1
14805 27.1
14806 21.6
14807 17.0
14808 19.8
14809 17.2
14810 26.1
14812 16.4
14813 19.3
14814 20.5
14815 19.3
14816 24.5
14817 10.8
14818 22.5
14819 12.2
14820 18.1
14821 20.3
14822 28.5
14823 25.5
14824 14.8
14825 22.9
14826 20.4
14827 0.0
14830 16.1
14836 26.3
14837 18.6
14838 22.9
14839 15.8
14840 32.0
14841 24.9
14842 7.6
14843 24.0
14845 23.5
14846 11.0
14847 23.5
14850 14.3
14853 0.0
14854 81.1
14855 15.4
14858 19.6
14859 15.9
14860 21.3
14861 28.9
14864 19.4
14865 22.5
14867 18.6
14869 16.6
14870 17.8
14871 26.2
14872 25.6
14873 19.4
14874 20.0
14877 16.2
14878 17.0
14879 19.8
14880 20.1
14881 54.8
14882 18.5
14883 16.3
14884 17.5
14885 21.5
14886 23.5
14889 17.2
14891 26.3
14892 22.0
14893 0.0
14894 13.7
14895 24.6
14897 18.3
14898 18.7
14901 16.0
14903 15.5
14904 17.3
14905 20.2
